%YAML:1.0
---
K: !!opencv-matrix
   rows: 3
   cols: 3
   dt: d
   data: [ 2.4893404590443830e+05, 0., 5.0489034804358135e+02, 0.,
       2.4867810273168705e+05, 3.5347735628082927e+02, 0., 0., 1. ]
D: !!opencv-matrix
   rows: 1
   cols: 5
   dt: d
   data: [ 1.3682656035992959e+01, 5.6919713124722517e-05,
       2.1889366886794506e-04, -1.4863385128975146e-03,
       2.0192973538747963e-10 ]
